162
2026
-2
-1
159 -1 8.76135
-2 3 2.76233
-2 1 12.4649
75 -1 12.8358
43 154 3.96087
31 144 6.91865
132 11 9.94848
94 150 11.0362
72 128 13.0699
121 55 6.88618
101 43 7.3685
20 90 5.57304
62 112 10.224
66 12 14.4823
127 49 8.74471
115 61 18.3
30 80 7.8246
2 76 15.5311
157 49 5.36575
158 50 6.38751
153 2 6.05764
150 45 10.956
153 34 13.7229
132 63 11.8399
39 156 16.1048
16 150 12.7752
148 18 10.2468
150 16 3.38196
22 144 2.23072
144 44 3.93691
48 140 13.1075
128 60 8.2664
38 154 5.4186
151 33 17.3998
143 57 17.6289
51 133 3.97247
146 36 17.9151
147 37 7.39082
54 128 19.4857
140 58 7.75983
141 59 2.40291
148 34 15.6141
86 132 16.2984
135 85 17.0341
129 83 10.5816
155 73 6.53289
153 75 11.4107
104 121 2.4614
85 68 2.92568
54 39 3.67795
132 149 6.86614
59 42 4.06944
144 129 17.0358
6 23 6.0673
89 72 11.69
133 148 2.64646
151 134 7.79758
68 85 7.39464
76 93 13.9357
80 65 3.48192
28 13 18.7276
120 32 17.4435
72 16 3.16991
40 112 6.38364
107 45 5.16148
5 67 13.8485
51 117 9.3779
156 110 8.86932
150 100 19.3853
104 154 14.0628
105 155 11.1818
89 77 7.49411
133 145 17.0509
100 112 11.4188
131 151 15.2578
6 18 3.49737
107 127 9.91745
139 159 6.83514
57 45 10.0987
109 121 14.5989
71 83 18.8362
83 71 4.7334
144 132 9.569
79 4 10.4558
116 63 17.7401
95 20 6.1107
20 95 17.4634
17 90 3.92251
112 59 17.6377
101 46 4.55697
127 52 10.8331
104 35 18.6436
89 41 12.3887
123 11 2.84602
9 121 8.94936
21 101 19.3086
98 18 13.6298
149 80 16.0561
68 129 24.7804
140 73 6.28075
74 143 12.264
150 83 18.4973
132 65 12.2947
67 134 16.9625
93 152 18.3309
156 89 11.7311
131 44 15.4853
145 62 10.6572
63 144 14.5978
130 45 13.7235
36 139 15.3524
39 136 4.50286
89 24 4.3897
56 121 3.3556
79 14 15.1792
146 50 19.7939
49 145 5.14166
63 159 18.5738
34 130 4.33618
143 47 8.57579
142 46 12.6235
150 54 13.6149
107 79 10.7953
103 67 6.72507
43 15 13.2451
32 4 17.5521
83 119 2.01368
118 82 11.4429
123 95 3.88676
78 106 19.573
40 -1 7.03899
25 120 17.1927
71 38 2.55877
8 105 4.50119
72 41 3.90763
84 53 13.8015
144 1 17.0589
18 131 10.6895
148 5 10.4122
23 134 9.79397
2 147 4.40435
7 142 15.5418
17 152 8.26677
15 134 17.6165
147 19 14.9963
18 146 17.2992
16 144 12.6367
27 155 14.6726
144 16 4.78671
23 151 14.0974
18 136 18.0615
12 150 6.81036
134 28 19.1494
140 22 12.0439
11 145 13.7174
16 138 11.7798
17 139 16.7043
120 34 15.2567
14 84 17.7568
35 121 2.27205
0 90 16.1765
90 0 4.6383
49 107 2.43008
8 95 13.2965
28 75 16.6321
107 60 6.22843
97 54 11.6233
3 84 13.7551
152 -1 17.7884
117 144 16.0244
126 155 14.649
146 119 17.01
138 111 17.9539
96 60 3.26912
55 107 10.5381
35 127 5.3306
94 2 14.8628
1 93 14.5457
114 46 2.36459
41 117 2.3189
110 50 3.32934
116 40 4.14525
61 97 3.84198
88 4 9.94666
38 122 10.8806
33 125 3.16883
121 37 8.05406
54 106 8.62243
124 32 11.745
147 -1 13.1658
129 107 5.65776
127 149 19.2331
116 158 14.4004
136 98 10.5557
112 154 16.3862
99 0 5.65055
112 19 19.5109
54 85 11.2947
58 89 16.6483
61 94 11.8074
50 81 7.69437
75 40 17.104
140 -1 20.0951
159 110 9.6298
120 137 7.41027
130 115 4.62021
97 150 6.97343
127 136 3.35393
124 151 16.3093
99 136 8.00265
125 150 7.59341
131 -1 15.9543
126 132 11.1271
122 128 3.93147
159 101 18.2398
113 157 14.256
99 143 14.0382
96 140 13.7668
125 145 13.4875
121 149 14.4824
139 103 18.3794
108 128 15.2746
105 133 6.04004
93 42 13.0237
73 62 10.4952
9 126 18.4088
14 121 7.59684
54 65 13.9694
87 32 16.7558
108 27 17.2022
10 125 10.4835
11 124 5.4199
74 61 12.4961
81 38 14.7848
120 -1 13.9591
128 126 17.3359
125 131 15.971
124 130 7.41195
119 137 14.9032
118 136 20.0843
114 140 6.08635
113 143 7.41456
139 120 17.0617
125 142 13.7145
118 133 5.83093
107 152 9.16833
98 145 3.7853
147 96 7.97311
113 130 10.239
137 122 8.54826
115 142 17.4331
126 131 6.09897
119 138 18.2973
118 139 3.75651
152 101 4.60077
146 111 9.07996
137 -1 10.8846
136 124 3.57297
126 138 11.3962
117 129 2.64706
150 98 7.06248
105 150 11.6564
126 129 10.4612
117 138 7.33836
143 112 19.3978
97 158 17.86
140 116 19.143
125 133 17.3155
124 132 30.6708
116 140 18.4301
115 139 13.8375
148 108 6.35689
126 133 11.007
115 136 19.9721
109 150 17.0585
141 108 10.4179
116 149 6.28208
134 103 9.16614
114 147 19.9261
129 -1 2.38313
117 137 11.4987
127 131 31.2342
125 129 8.95461
123 135 9.047
113 141 15.7668
101 153 5.26874
108 -1 16.6519
119 151 15.8161
111 143 10.8587
107 139 12.4796
122 154 19.0174
114 146 17.6062
157 125 8.61093
121 128 17.3549
108 149 12.7259
106 147 7.47502
109 148 3.45306
133 124 8.2411
128 102 4.4202
108 138 5.39018
106 140 10.6997
155 -1 18.4463
132 102 14.2338
121 155 6.47773
105 139 19.5743
116 150 9.5558
151 97 18.7576
135 113 7.74367
113 135 19.5792
103 145 12.8284
99 149 12.2445
117 131 19.7302
140 122 8.4336
124 145 4.86388
100 137 8.12003
104 133 7.70105
96 141 15.6239
121 148 14.2285
98 143 3.74203
140 97 9.26876
74 51 2.76127
115 10 10.9927
25 96 12.1632
8 113 16.7941
45 84 8.06752
49 72 19.7148
2 123 6.40975
118 15 3.50199
126 7 9.70201
127 6 8.83751
54 79 18.4052
15 98 3.63537
45 64 5.22402
68 41 16.246
71 42 15.3229
10 103 4.8901
11 102 18.0807
62 83 19.4196
3 110 5.37449
73 36 17.4392
50 120 4.26772
20 94 17.901
112 58 8.41419
29 87 8.87164
44 102 9.28823
85 31 6.02559
126 52 3.81888
52 126 10.5811
124 54 10.859
7 77 7.9031
42 96 14.5929
59 113 7.21547
32 83 10.9455
44 95 4.10005
68 55 11.2494
106 25 5.58196
19 96 24.258
30 109 11.131
37 122 7.15894
43 116 5.51506
58 101 19.2105
124 35 18.1086
23 72 7.60838
100 59 14.4387
91 4 13.2133
62 97 8.62731
4 102 13.154
41 75 10.1211
46 76 9.44284
41 135 17.3635
57 151 11.904
143 33 10.1477
35 141 15.2473
157 51 5.94189
35 77 13.5272
26 116 11.8346
5 107 8.72128
40 70 5.23238
102 8 4.97098
38 72 19.0671
103 9 2.80747
56 153 5.23873
152 57 9.90977
48 145 14.3246
38 135 18.0506
40 137 18.7107
154 59 12.6857
40 145 19.1639
59 130 9.05616
158 39 4.73669
53 140 4.04375
146 43 17.9989
32 153 10.6556
135 62 4.33234
29 108 13.7855
69 52 19.762
42 91 6.7802
38 87 13.2331
61 76 5.18375
18 99 19.7075
41 88 9.52898
121 8 13.0723
33 65 15.0933
109 13 7.85744
38 70 9.00617
75 43 12.4799
41 73 7.44597
43 75 18.0271
78 46 9.21974
51 134 3.0759
131 54 19.1791
146 39 10.0485
128 53 12.196
38 147 10.1054
137 60 18.7917
152 53 16.5513
38 139 17.4088
155 54 9.30177
53 152 8.02832
158 145 8.4639
118 121 7.92773
93 82 3.8242
80 95 7.47248
64 79 18.9404
134 137 30.5236
128 143 41.603
117 122 19.5142
101 106 12.6299
38 41 15.7312
37 42 41.2639
55 56 29.605
70 73 9.53662
86 89 4.47427
87 88 3.23734
50 61 6.77848
135 136 9.26921
111 96 2.41777
142 129 18.8337
13 2 16.1727
4 11 8.88576
22 25 17.6089
10 72 17.3192
80 18 3.67156
63 125 12.1405
58 120 11.6855
37 103 5.78072
93 31 17.1556
19 81 7.89548
78 12 17.1512
34 96 6.43684
88 26 17.7735
114 48 3.20703
52 118 18.0136
112 50 7.1727
30 94 7.84095
59 123 2.22395
79 15 9.26274
23 87 6.3517
40 104 3.23521
36 100 14.3767
50 114 7.66488
11 75 16.082
126 62 14.0841
52 116 16.8692
96 32 18.1686
10 74 9.90525
31 78 16.7162
6 87 15.0846
43 122 5.41659
36 117 12.9648
7 86 6.39833
51 98 15.5704
113 32 17.1827
46 127 11.8083
74 27 19.1024
106 59 9.87482
103 54 7.61776
40 77 10.7053
122 31 2.93626
111 10 4.9832
110 11 2.8146
15 106 11.0622
33 68 11.5494
48 85 17.9081
28 121 5.2842
102 3 5.34949
3 102 16.5709
63 90 14.1371
119 18 16.269
27 126 14.1088
14 107 14.4061
113 23 17.3183
57 95 3.72594
54 80 3.7127
32 70 19.0238
61 91 7.84996
105 15 13.4679
14 104 4.65676
25 127 16.991
88 62 10.3248
7 113 15.9001
45 91 6.74383
32 86 8.79731
106 28 5.1983
108 26 19.6453
8 126 6.71019
33 90 9.86506
32 91 5.38187
49 74 19.8031
55 76 4.20477
59 64 33.7312
115 8 4.57816
124 7 6.72194
27 96 13.3596
96 27 9.11725
154 49 14.9935
145 58 13.1269
32 139 19.6355
147 56 15.097
140 39 3.63709
24 69 5.31292
61 96 11.3973
42 119 8.68876
31 66 16.2763
122 39 19.4595
70 27 16.8334
91 6 2.41324
58 103 12.6098
118 43 9.14322
121 68 2.72558
77 112 2.78132
93 96 15.9142
31 34 29.4588
91 102 2.53998
92 97 67.9457
79 114 13.926
102 91 6.79862
38 27 5.61671
12 49 14.8583
6 59 13.2018
109 80 18.0073
105 13 8.97208
61 89 9.3656
49 85 10.504
39 67 18.9746
30 122 13.6798
78 42 2.45247
58 94 6.93971
96 4 9.44174
82 54 13.5976
28 120 7.80244
0 117 4.99886
76 57 12.6402
39 82 11.6372
46 91 12.3547
32 85 12.0328
30 107 13.2592
53 64 7.73152
103 18 8.59823
63 74 8.41252
85 32 6.91515
110 27 4.10093
47 90 9.44591
26 111 12.067
84 106 19.4148
96 94 13.8463
4 58 2.41109
29 35 15.9463
78 112 17.9689
95 97 38.9009
40 22 12.1098
100 90 3.22146
2 60 8.38921
37 27 5.83935
125 21 12.1745
112 24 6.22253
108 4 17.8379
23 127 16.1815
29 117 17.1834
88 48 16.5191
19 123 6.76349
7 111 15.2916
79 39 6.76982
62 86 11.2776
1 105 2.09481
65 41 4.15318
2 61 14.0265
44 19 9.87139
7 56 7.7686
57 6 13.0538
14 49 19.0149
124 67 7.04773
31 32 15.7679
29 34 57.8501
94 97 24.5027
89 102 19.0718
27 36 14.1832
103 88 2.98325
6 57 7.91385
105 82 17.7229
92 103 12.7014
69 126 18.8915
29 38 15.4016
27 32 16.8606
87 108 9.16949
24 35 16.7555
90 97 10.6434
19 42 14.2142
26 35 11.9172
25 32 6.70757
82 107 2.12257
88 97 12.4118
84 109 15.5284
108 85 13.0356
57 28 13.9937
27 62 4.62073
25 60 10.2336
67 102 9.51783
15 42 16.8877
76 105 14.819
94 123 10.0356
100 65 14.8111
117 10 4.81656
102 25 11.1708
23 104 16.6694
63 64 2.8586
25 102 10.7416
60 67 13.5204
0 127 19.2353
59 68 6.4324
36 91 18.144
112 -1 11.952
26 68 9.37805
6 88 16.0941
20 74 9.16106
24 70 2.09428
34 124 9.63925
125 35 13.3093
74 20 11.2266
60 98 11.5735
84 10 9.64329
120 38 19.7995
17 79 3.86284
83 77 3.27096
133 155 7.27122
111 113 8.04997
46 48 13.14
42 52 13.3726
12 18 29.187
13 19 11.9269
77 83 30.777
159 129 18.5648
97 127 4.93674
107 117 19.9856
136 150 16.5914
92 66 19.5032
127 97 7.09115
11 42 9.4902
82 115 3.67969
90 123 15.7477
8 138 16.0488
21 151 14.6563
156 30 18.6601
135 5 17.7027
11 36 12.4731
95 112 10.1721
85 122 18.1633
90 117 11.0256
119 88 13.8256
21 58 13.1692
34 13 15.8932
142 30 12.6899
139 27 4.27112
7 151 17.4472
4 148 6.9213
1 145 14.8682
157 13 2.55665
73 -1 11.0414
43 81 2.2619
33 91 17.6201
27 97 15.898
13 119 5.54138
58 64 39.806
63 69 18.0249
56 66 9.85447
106 16 15.011
72 50 14.3599
18 104 4.10447
92 38 7.21905
4 126 32.4669
6 124 7.25845
66 56 18.842
70 60 18.2471
31 101 15.3093
78 87 16.2534
139 146 15.1814
137 144 3.61877
107 114 19.3971
45 52 11.6708
9 16 8.26614
12 21 14.1547
13 20 33.7154
77 84 15.4402
67 90 12.9509
127 102 6.02915
56 33 4.58618
158 135 7.063
35 58 3.79471
48 41 16.4504
63 38 2.3798
27 95 11.0013
114 54 3.06033
87 19 10.8706
113 53 9.0498
38 98 4.10724
8 76 12.3503
76 8 5.90078
40 108 15.5317
15 44 11.6905
67 96 3.6563
77 110 16.1662
80 115 18.5022
113 82 9.35372
89 122 8.26788
107 -1 13.9003
153 29 6.74668
8 140 13.026
14 138 13.2406
16 148 12.603
27 159 18.5259
155 31 8.51964
133 128 5.22817
106 111 16.9142
19 22 9.11334
10 15 16.829
147 150 11.1512
1 4 9.18534
145 148 21.9778
144 149 18.4279
139 142 12.6878
131 134 2.81446
128 133 16.5863
122 127 11.6047
121 124 19.1774
115 118 2.83456
113 116 58.434
107 110 33.3027
105 108 17.2081
104 109 2.27832
41 44 48.1374
26 31 8.40566
11 14 14.9408
8 13 9.92743
18 23 26.7022
48 53 17.8181
50 55 13.0053
51 54 13.4806
67 70 24.0907
73 76 67.064
80 85 7.2293
81 84 13.298
82 87 18.3986
83 86 20.0555
120 125 17.8913
22 19 11.7692
101 96 13.4523
77 72 2.69537
89 92 18.0612
81 62 5.64507
125 18 11.1467
36 75 16.0971
98 13 6.12766
68 43 17.9233
35 76 11.8344
8 103 13.5033
51 92 2.55873
54 89 3.44614
71 40 16.3752
6 105 12.3333
89 54 11.221
66 76 16.1845
146 156 15.9364
151 153 34.5793
119 121 20.9158
117 123 20.862
100 106 30.43
38 40 12.31
6 8 2.12519
23 25 4.80704
54 56 14.0715
55 57 31.2551
70 72 24.0004
85 91 15.3552
86 88 17.5482
87 89 71.4582
78 64 15.4208
115 125 4.2413
37 43 14.9352
25 23 5.31972
134 158 3.96792
95 71 14.3205
67 91 13.6984
139 147 19.7566
8 16 12.1572
77 85 20.3164
157 133 4.29196
16 8 8.91362
39 63 14.0647
70 94 4.59688
42 50 28.6252
53 45 17.2109
110 118 5.39254
135 159 8.96794
24 0 8.67152
64 88 6.85679
7 64 10.2383
70 1 15.7842
75 12 15.7776
60 123 5.55265
125 58 9.52448
5 66 14.2273
45 38 4.703
13 6 6.06477
158 149 6.80508
108 103 5.47039
144 155 10.6969
131 136 3.40403
119 124 15.3632
103 108 15.312
102 109 23.7755
7 12 14.0431
19 24 13.2228
71 76 23.1515
72 67 5.62417
33 42 7.36375
142 133 2.38605
139 128 16.2137
30 71 7.8366
109 52 8.80637
33 120 6.64953
11 82 11.6463
29 68 6.2996
93 4 8.80254
150 -1 14.7993
148 115 2.4247
159 120 2.04506
129 102 5.53709
62 20 2.57001
47 5 4.32983
30 52 19.8972
13 39 13.4306
7 45 2.46289
74 96 8.80128
52 30 5.56572
29 55 17.6179
57 19 17.221
67 105 11.6191
8 34 4.99992
11 33 7.57505
1 138 18.1892
153 18 14.0648
20 159 8.85264
22 1 5.79567
52 35 2.56258
110 121 3.58954
109 122 19.8283
7 16 33.9349
78 89 6.90484
53 34 16.4423
83 68 8.9894
131 148 13.9952
37 50 13.0413
139 156 10.8385
116 99 5.41083
45 58 2.0859
18 5 5.3852
102 113 5.1454
1 22 8.96561
101 29 4.41171
91 35 5.37482
31 103 6.52301
25 97 4.46167
2 122 19.0095
109 21 17.2271
18 106 7.20243
117 13 13.9891
124 4 11.2226
7 127 11.8954
153 159 15.4404
107 109 15.6565
157 155 4.47252
146 148 47.4272
139 141 8.37044
123 125 8.82688
122 124 15.1328
115 117 16.0974
106 108 36.3225
42 44 41.4219
34 36 22.3802
25 31 8.36352
3 5 56.6496
17 23 17.8341
48 54 43.9533
49 55 11.148
56 62 9.86545
74 76 9.89124
75 77 3.02446
82 84 16.1482
143 137 13.8751
19 21 7.60267
23 17 9.15414
71 32 17.7904
60 91 18.079
28 123 19.255
39 64 5.1674
19 116 4.81916
55 80 3.89683
86 49 19.9742
101 2 9.03915
41 78 18.6811
66 37 3.32209
11 108 14.1055
38 65 5.98715
83 52 11.3969
47 72 13.2691
111 8 11.6574
99 -1 19.1195
8 132 5.38848
13 129 10.4245
84 122 7.75511
71 105 19.8208
67 109 6.38471
1 47 4.43488
26 52 12.434
2 44 16.9462
55 25 17.3055
3 45 7.08967
95 113 17.0812
102 72 11.0675
29 51 4.20349
12 33 4.7117
100 73 12.8877
91 118 2.79314
85 120 8.75483
34 15 7.13455
30 51 12.5249
50 31 16.3972
4 41 14.7829
120 85 13.6803
32 13 7.00322
95 114 10.6455
70 107 9.24463
110 67 9.57086
0 45 11.3888
136 6 3.71163
17 159 18.9414
131 13 2.77466
5 139 12.0701
2 140 10.643
4 138 2.4852
8 134 3.50723
152 22 18.5
34 38 7.18641
147 151 18.488
145 149 24.8141
144 148 38.3429
131 135 45.1796
123 127 32.6166
121 125 9.2462
107 111 6.11269
105 109 14.9303
40 44 28.3196
35 39 9.05392
27 31 13.4085
26 30 3.16888
25 29 11.785
24 28 2.35863
11 15 29.2767
3 7 4.46657
0 4 14.6828
1 5 14.9217
18 22 22.7296
49 53 6.262
50 54 7.53682
59 63 27.0657
64 68 20.9061
66 70 66.98
72 76 61.8023
80 84 4.36236
81 85 17.8895
82 86 27.0258
92 88 18.9009
33 37 19.7072
38 34 2.14701
158 159 17.1413
8 9 13.4195
154 155 12.4408
100 101 3.05694
152 153 3.50771
135 134 9.68468
122 123 19.122
98 99 15.9038
57 56 10.184
47 46 5.64173
23 22 13.5229
150 151 28.3209
146 147 12.4436
142 143 11.9128
138 139 83.0597
136 137 25.8545
128 129 7.95639
120 121 15.5396
114 115 6.29203
106 107 3.62357
44 45 11.2645
36 37 26.3739
28 29 17.0086
4 5 47.0116
16 17 29.1524
24 25 20.182
62 63 77.7972
64 65 17.7079
76 77 12.5263
90 91 45.0955
96 97 26.583
30 31 3.70593
155 154 12.5812
73 72 9.10404
56 57 8.63137
116 110 2.90891
2 24 2.81294
27 1 13.8735
140 150 5.82929
139 145 6.16453
137 147 7.47422
109 119 5.98516
105 115 15.2411
44 54 6.15093
10 16 16.8068
14 20 23.6158
46 52 15.5425
69 95 12.3158
79 85 9.10584
61 39 3.77819
28 6 4.64514
88 66 4.1423
111 117 14.0162
83 73 6.34264
106 112 6.75829
55 45 3.3787
57 35 6.30514
12 11 7.77381
128 135 17.2797
58 61 11.9164
68 67 18.2756
146 149 27.3809
139 140 11.1991
136 143 32.1586
129 134 19.5892
121 126 36.0792
106 109 12.8099
43 44 36.5867
35 36 30.493
26 29 12.9117
11 12 17.6518
8 15 17.0024
2 5 9.27767
48 55 39.1513
49 54 50.0201
57 62 14.8546
65 70 35.0317
75 76 48.2622
91 92 10.2819
132 131 13.2138
94 89 9.06879
55 48 14.6793
118 113 15.175
106 92 18.5559
4 50 19.677
101 83 11.2456
126 72 19.8196
49 7 16.1045
45 27 2.27314
22 129 14.8259
5 146 15.4915
23 128 12.2473
15 152 18.4049
20 131 15.1446
156 159 6.64942
1 2 8.50872
2 1 16.4608
118 117 18.9695
145 146 13.3263
142 141 5.61621
137 138 10.2467
148 151 51.0657
140 143 42.389
133 134 11.3065
128 131 25.5441
120 123 6.99454
116 119 10.1226
109 110 21.2907
101 102 13.8058
44 47 27.6509
36 39 14.8911
33 34 3.60608
32 35 22.8642
24 27 13.1307
5 6 36.6392
20 23 29.4449
52 55 6.59753
60 63 2.08669
64 67 18.7635
69 70 62.2102
76 79 9.92354
80 83 26.3956
81 82 18.9113
85 86 21.8198
89 90 46.0661
97 98 16.4952
51 48 16.6342
37 78 6.30743
80 59 8.68309
71 44 7.87395
36 79 18.7358
79 36 18.682
62 85 12.9228
43 64 18.7003
0 107 7.99059
53 94 15.5912
32 75 16.4396
41 66 2.59507
12 103 11.9064
50 89 4.24721
74 33 18.4839
90 49 5.34629
23 124 7.49286
78 37 16.9386
5 110 16.0818
69 46 12.0048
94 84 17.895
75 65 17.6956
62 52 18.8928
30 20 16.9567
145 155 8.60276
144 154 3.84729
133 143 14.6859
130 136 15.9765
115 121 7.82649
103 109 16.5028
102 108 19.9039
32 42 13.6419
7 13 13.2597
6 12 17.9828
18 24 35.6444
22 28 26.813
98 104 15.2821
99 105 16.6817
112 122 9.36491
9 53 13.844
61 1 3.81877
55 11 7.40004
30 34 36.1655
3 63 8.28107
93 97 22.961
95 99 19.2804
77 113 7.97477
100 88 14.8854
50 14 10.5069
8 52 11.5705
134 139 9.39839
48 61 11.2062
103 106 16.5484
151 154 18.6369
150 155 11.2285
148 153 8.0596
135 138 31.8313
133 136 15.4706
119 122 2.09429
102 107 71.1113
101 104 7.41855
38 43 4.00995
37 40 17.0138
6 11 9.00428
53 56 20.3937
100 105 13.5678
21 24 14.1544
35 46 28.2972
31 18 8.83604
66 79 9.3744
65 77 15.8351
151 155 15.3395
149 153 12.6367
134 138 11.3392
132 136 4.01303
119 123 25.4084
117 121 9.68985
116 120 27.0821
103 107 24.3398
37 41 19.4236
6 10 16.2842
23 27 3.7189
53 57 35.2884
70 74 30.7716
98 110 3.50863
100 104 12.8465
60 48 9.3588
46 34 6.70056
55 59 4.21887
25 21 6.9176
25 107 11.2878
87 37 13.5222
42 88 9.26442
41 91 12.2495
4 118 10.282
16 98 14.3321
20 102 18.376
3 113 11.1982
17 99 9.84601
33 83 19.1309
33 98 13.9843
17 82 17.9143
41 106 3.96048
3 64 19.6884
6 69 13.9508
105 42 18.8196
119 52 19.4184
30 93 17.3594
148 139 12.3824
47 48 10.8536
112 111 14.5392
143 144 16.7743
141 146 11.9614
136 151 24.6803
107 116 4.17195
46 49 5.44613
45 50 15.5659
12 19 5.28245
13 18 2.35162
77 82 4.07665
97 126 5.05027
156 131 17.3417
37 58 6.69537
146 141 13.5259
90 76 11.0522
126 104 8.45444
13 27 5.85061
91 77 18.1835
16 6 5.05429
65 87 24.8243
44 58 4.48774
138 156 3.55493
77 91 15.7411
0 22 9.58238
92 122 8.60018
66 100 10.5195
13 43 19.2416
82 116 25.8331
56 30 13.8806
40 14 16.4169
1 39 11.7492
33 7 13.1115
136 13 13.3312
155 30 3.72397
14 139 16.6111
130 7 8.5947
138 15 3.4732
20 145 6.33512
63 34 19.838
97 124 12.2823
51 46 15.2205
77 80 6.85039
143 146 34.014
111 114 34.1969
108 113 14.642
45 48 14.2793
14 19 18.7232
46 51 15.2126
75 86 8.8396
76 81 18.2344
78 83 34.981
20 9 13.9476
103 122 18.4704
37 56 16.9255
56 37 8.82432
100 121 2.54792
123 102 18.9265
77 51 19.4447
3 125 9.62447
72 54 9.47693
59 69 17.5236
26 100 6.68179
15 113 12.4661
49 79 7.74923
62 64 14.6284
63 65 9.50185
97 31 9.9065
64 62 9.45641
12 114 4.37613
27 101 12.1056
3 31 19.9279
133 153 12.4458
84 72 17.5038
16 12 4.30714
136 148 10.0243
110 114 28.3157
105 117 13.2923
45 49 10.3907
42 54 13.3382
14 18 19.3003
15 19 18.8803
47 51 3.63255
76 80 6.09186
78 82 2.41109
79 83 7.70364
100 120 19.9401
50 46 17.9811
125 97 8.82281
99 127 8.66055
141 145 12.1899
152 132 15.1268
67 95 11.3098
70 90 4.0617
94 66 7.0156
7 27 6.84092
13 148 18.8059
14 151 9.9941
29 132 5.34639
129 24 4.96879
123 96 7.77267
138 145 15.1068
107 112 18.92
15 20 24.5668
79 84 10.9102
111 116 3.75475
8 19 16.8729
10 17 10.3541
80 75 4.67412
87 76 4.22773
115 104 15.837
117 110 6.38931
49 77 3.46397
10 118 13.6965
16 108 7.06828
63 67 25.4041
76 48 12.4625
77 49 10.0754
112 12 5.00823
104 20 6.0792
115 -1 5.25441
109 59 8.03455
73 31 7.79656
2 84 2.19018
16 70 19.4909
50 100 9.53246
56 110 10.7518
81 7 7.91905
51 101 8.61726
153 -1 15.101
115 151 2.97019
126 154 12.5542
148 112 6.56403
141 105 18.4906
157 159 7.89433
143 141 19.7785
19 17 8.16985
131 129 10.2703
117 119 3.87871
53 55 7.81943
40 42 6.46334
149 151 2.65407
145 147 11.6296
141 143 36.9296
137 139 45.5392
128 130 13.0764
113 115 25.5565
112 114 23.1595
109 111 17.0904
108 110 14.6285
101 103 15.9168
44 46 36.5292
36 38 20.519
33 35 38.4419
32 34 2.13476
16 18 10.3059
20 22 12.3325
24 26 2.12828
61 63 34.3334
68 70 42.3258
80 82 7.36305
81 83 8.73781
84 86 17.8847
85 87 26.199
88 90 14.3589
97 99 11.5204
107 105 14.7915
26 24 13.3062
122 120 10.0573
49 51 15.5157
126 124 31.7541
52 28 4.90272
98 74 9.80828
24 48 2.77194
93 117 5.87752
16 56 16.7546
69 109 12.9361
80 120 16.1151
111 71 9.5967
14 38 12
46 6 2.54258
123 74 11.213
110 95 15.1405
108 93 6.36357
32 17 14.143
4 53 8.37017
90 107 7.94639
18 35 2.92789
71 118 12.4423
95 110 2.60644
80 97 16.8019
91 106 14.7246
47 30 14.5345
44 101 6.24124
119 62 16.5685
18 91 9.41147
50 123 2.18747
96 41 17.1322
35 106 13.7136
108 37 7.35992
87 30 18.4466
99 42 15.7597
24 81 6.47771
65 21 10.5205
27 79 7.01963
73 29 3.38352
25 77 12.35
18 70 12.3646
53 97 9.45427
121 45 6.42253
96 52 8.65214
90 14 10.2467
79 151 12.8121
81 137 2.04419
91 131 4.29385
70 106 19.6464
42 6 11.2022
19 63 9.66427
20 56 14.0675
82 126 2.58685
90 118 10.1665
114 94 13.5255
98 78 11.5007
115 95 18.6319
103 43 16.5709
20 88 4.8628
112 60 9.92567
14 66 2.89982
26 86 15.9374
60 112 4.82018
108 32 14.8485
141 24 12.334
135 18 11.0751
24 141 30.5536
5 144 18.9552
20 129 10.6267
13 152 8.64713
9 156 19.1178
22 91 9.11929
56 117 4.04915
28 81 8.71353
102 43 11.0735
101 40 6.71135
36 105 4.56073
21 88 19.4461
84 25 17.6849
122 55 13.1975
93 16 9.77313
28 132 16.2758
6 158 2.59412
147 11 2.72593
26 130 14.6073
22 142 10.8043
129 25 8.13361
0 152 2.65653
9 145 6.81672
30 134 14.7229
3 155 15.6648
16 136 5.68569
21 121 14.9327
111 3 12.1881
48 92 2.86042
22 122 13.2009
89 53 8.51481
99 15 6.81915
37 73 6.03605
76 32 28.8229
25 117 3.89781
48 89 9.65942
98 11 9.638
93 52 3.88248
97 8 17.2773
102 15 8.27025
17 120 8.24094
32 73 8.5641
88 50 11.5641
42 64 15.9348
12 102 18.4897
49 91 31.5617
59 81 10.7328
63 85 5.20956
45 71 15.2656
49 76 14.7855
55 74 4.07256
61 64 25.7689
63 66 22.2236
21 104 16.4873
66 63 7.69906
117 8 8.67594
20 105 14.7376
71 58 12.5098
22 107 14.661
36 89 10.2443
67 16 11.0056
59 104 17.1371
53 102 17.6774
9 90 6.28817
50 97 3.72349
80 3 9.14824
4 87 3.42041
15 92 18.7473
69 49 16.9328
48 68 2.14461
122 14 9.95703
50 70 10.2499
57 77 14.6598
99 23 8.57658
40 92 17.3284
1 78 11.999
41 102 7.32927
53 122 15.952
82 29 3.62905
25 86 18.239
97 46 12.2391
123 52 8.22087
94 17 11.6818
117 58 10.7469
13 66 8.65341
107 36 11.0894
154 32 6.262
53 143 15.2217
45 151 19.0904
50 136 4.16674
60 134 7.90923
130 56 3.9747
21 78 19.9085
55 108 18.7061
58 97 12.2291
17 74 14.2954
53 110 13.8676
104 51 17.3455
31 68 18.0436
148 -1 17.588
136 97 4.22049
146 123 7.1832
158 119 4.07569
151 39 5.38153
55 135 14.8973
154 42 5.2144
58 130 9.02866
45 149 6.23924
132 60 3.3326
144 40 15.9717
41 145 8.86915
61 143 5.43386
58 136 17.5274
150 36 14.3861
147 33 19.2397
40 125 2.72191
62 107 17.1954
119 34 3.82557
39 114 16.3239
69 16 4.73141
72 29 17.0381
9 92 13.384
86 3 3.63011
114 39 8.45754
154 -1 31.3809
130 97 11.6896
156 127 18.6154
143 108 15.1807
37 146 13.7765
62 137 19.4846
47 152 11.1475
152 47 6.93345
149 34 13.2648
43 156 13.637
63 122 16.8463
26 95 19.3177
74 15 13.9811
21 80 10.0834
46 28 16.442
64 114 16.9245
119 69 17.3965
65 115 16.2032
95 109 17.3631
12 62 2.4189
64 153 19.4406
72 145 2.61252
94 135 7.8914
157 68 4.55415
151 78 13.0726
68 157 18.9713
124 76 2.99628
76 124 2.89192
16 32 10.4647
64 112 16.1796
92 108 19.9243
122 74 17.449
47 31 6.78963
52 4 9.57334
113 65 12.398
24 40 5.46507
68 116 7.55992
127 79 9.34654
86 102 7.90369
43 27 6.12656
110 103 2.08526
120 113 5.52496
146 155 10.3351
130 139 19.7816
64 73 13.0341
92 85 18.9143
1 8 18.6587
22 31 3.15168
101 108 10.6853
10 3 9.61658
81 130 14.8445
141 94 17.993
65 146 11.7643
68 151 9.68856
91 136 16.6124
69 150 9.0929
75 152 5.278
40 59 13.9006
119 100 15.398
128 147 16.0991
104 123 12.2514
100 119 17.0167
65 82 11.2775
138 153 19.5457
125 110 19.5483
34 49 16.5994
39 52 8.09307
116 103 9.60244
30 13 11.8822
74 131 3.35581
67 138 3.11944
69 140 18.2199
149 92 3.81295
103 82 18.1102
46 27 11.2574
42 31 13.6913
47 26 11.4453
85 96 4.09348
51 6 17.3919
68 113 19.9352
94 107 15.3296
58 15 4.7672
75 126 10.4515
36 17 6.39214
48 5 2.25568
111 90 9.24439
0 53 6.0035
73 124 6.0386
84 97 18.1222
79 122 8.51703
82 142 2.793
66 158 13.435
68 152 2.91138
79 147 15.5269
86 138 8.81947
89 133 7.5878
145 77 13.1655
81 154 12.1161
68 143 11.4819
149 94 12.6031
114 103 8.02004
129 148 19.6981
142 155 7.84282
69 80 6.85036
72 93 19.4955
141 152 17.7036
68 81 14.5096
26 15 18.7296
70 78 13.3043
54 62 5.94567
11 3 5.3102
147 155 19.0001
43 35 11.3664
146 154 3.41325
133 141 23.4106
69 77 11.1146
98 106 7.51106
79 71 10.0403
13 5 10.361
31 23 3.54512
55 63 12.0885
19 27 11.6725
158 150 15.1296
10 2 5.62787
98 114 15.5692
106 122 5.83114
52 36 2.49754
97 113 7.26466
70 86 11.5751
44 60 6.28249
12 28 12.0492
23 7 5.95575
44 -1 18.7769
72 139 8.92797
84 151 14.5491
143 76 2.99182
153 90 15.54
158 93 19.8737
137 74 15.4051
39 53 7.6628
38 52 8.47775
37 55 19.4895
106 120 16.4162
72 90 4.42847
64 82 11.9705
132 150 7.47117
135 149 7.19791
139 153 17.1086
99 68 14.3144
21 50 18.2593
73 110 11.3388
90 125 5.77718
81 118 13.774
85 114 2.30163
105 78 10.8855
73 143 13.467
85 147 13.641
90 156 14.732
88 158 7.87909
130 77 14.737
86 153 16.4846
73 134 10.3441
64 143 2.05932
87 152 8.35665
83 156 13.1149
84 155 4.00647
71 136 9.89397
154 85 7.28013
32 -1 5.7676
123 76 3.29716
76 123 5.43917
52 3 9.296
61 10 10.5933
59 12 17.3389
16 39 13.2036
82 101 2.48338
28 43 13.5412
37 -1 14.3242
129 75 11.1492
150 92 2.75951
79 133 9.83159
81 155 9.03706
159 85 6.70728
76 142 8.25721
78 140 8.67788
88 154 14.1445
79 141 12.2401
67 129 5.37304
133 71 6.71753
145 75 7.67588
81 139 6.14308
82 136 7.5457
81 143 9.8512
77 147 5.44136
157 67 3.50884
14 58 13.998
60 8 16.8683
8 60 18.1132
15 59 6.50647
85 97 11.4289
91 111 14.5609
139 74 12.2294
155 90 12.4947
152 89 16.3913
86 151 18.6899
111 79 14.133
82 114 18.6255
127 95 17.198
87 119 16.5939
80 112 9.04
2 34 4.11956
64 96 17.3304
18 50 15.0739
29 61 4.84326
124 68 18.7016
95 103 3.9253
11 51 15.8278
87 111 19.1734
89 97 17.4282
118 78 8.49387
73 113 2.573
9 49 11.2479
116 76 12.0605
21 45 10.9693
77 156 19.6458
88 137 8.10626
130 83 2.74129
69 148 2.08227
128 81 19.5971
85 132 7.90977
88 107 19.2858
81 98 11.7092
120 75 6.5296
124 79 17.7478
7 52 13.4164
115 64 17.2999
79 124 17.5606
60 6 4.23708
90 96 14.9839
24 34 9.24824
92 102 15.4856
31 37 13.9301
86 116 7.59989
45 15 8.11348
90 120 10.8239
66 96 3.93071
126 92 7.15711
48 18 10.8556
72 132 14.7027
64 140 15.713
158 82 3.10725
144 92 8.28615
91 151 24.1953
95 147 5.13624
93 145 7.5674
65 156 19.0251
156 65 5.67106
70 155 14.5731
91 134 5.74445
95 130 18.5295
155 70 5.20211
93 130 3.0795
86 137 12.6741
156 67 6.29139
152 71 15.9097
121 151 10.574
98 140 19.7296
120 150 17.3639
-2 0 19.4511
127 151 2.67895
138 98 7.61116
105 129 13.377
98 138 15.0849
114 154 2.55288
153 113 17.685
156 116 6.81622
121 137 18.2873
159 111 15.8748
130 114 15.1099
127 143 6.44816
98 146 3.99604
103 151 13.4159
127 138 3.542
122 143 17.8048
99 150 12.8819
109 152 18.6282
105 156 18.8684
113 132 12.9201
131 118 13.2812
38 116 11.6213
55 101 10.0097
44 126 7.91413
69 23 18.6152
81 3 15.0459
123 41 13.9334
34 112 9.3681
138 40 17.4931
41 139 7.95401
45 143 19.3079
39 133 17.8036
144 50 15.5287
142 44 10.7895
46 -1 10.0245
65 143 6.28541
73 135 12.3374
95 145 14.5104
134 72 18.84
102 46 9.28459
100 44 16.963
44 100 4.44598
110 129 3.41739
134 105 8.58112
104 135 13.0906
145 126 12.8614
137 3 15.5946
151 29 11.334
138 81 3.91138
86 141 10.7341
82 137 11.5404
141 86 3.61962
142 19 7.37523
134 27 18.5501
137 20 18.5684
156 40 14.9853
46 154 16.9847
145 37 4.32958
44 152 7.70986
147 39 11.664
153 45 3.14605
151 67 14.5472
69 145 15.4834
149 65 10.3555
154 6 8.46219
1 157 16.6607
139 23 2.12824
137 42 18.8694
155 56 3.80784
129 34 13.2646
122 83 8.11858
5 44 15.4134
40 1 7.84434
42 3 8.67542
61 20 14.5484
155 19 5.99427
143 7 16.2048
18 154 10.2602
128 8 19.5835
26 146 18.4583
29 149 17.4169
41 143 8.24369
33 135 3.30426
131 37 7.43982
33 156 3.48159
140 49 12.8411
42 151 15.508
133 56 19.7035
46 147 18.8383
137 46 3.41206
43 140 9.57704
62 153 15.4655
46 137 6.4066
51 148 3.95631
53 144 12.3094
45 136 3.32824
63 154 7.88963
62 155 3.96847
88 143 9.60146
65 150 13.6806
128 87 11.531
136 95 19.1353
82 132 14.2445
94 136 14.6635
145 71 6.2216
121 -1 10.1359
144 52 11.2124
151 51 6.701
61 153 18.1692
147 55 2.70746
131 39 16.0728
145 22 10.4018
0 135 4.60088
5 130 17.8308
4 154 9.66732
131 29 12.7944
5 150 13.3807
113 33 12.5834
58 106 9.42584
34 114 5.81609
31 79 7.40686
59 107 9.3451
110 62 11.3237
138 32 18.7661
57 147 10.5829
44 134 6.98593
92 137 17.2445
64 149 5.68728
148 65 13.6338
72 157 14.6477
92 -1 9.9848
90 113 6.74457
98 73 3.20696
77 102 17.4563
85 126 5.13567
134 16 6.70644
129 23 6.76104
130 1 11.2493
136 11 17.7581
133 6 12.7721
149 88 9.41907
138 71 17.0668
140 65 6.324
86 155 2.43552
152 85 2.8447
149 60 19.963
49 152 13.2199
35 138 11.0564
19 158 7.58652
151 26 9.2792
16 157 10.0573
53 -1 12.8722
87 -1 18.9801
132 67 18.105
145 85 13.7066
134 66 2.11957
154 8 7.70359
159 33 17.0895
142 48 9.97159
32 158 11.8728
142 61 17.9506
50 129 13.4052
48 131 13.0044
55 132 6.61902
58 133 5.48627
159 32 3.40036
125 -1 17.1952
137 89 19.3223
149 20 4.74124
159 11 7.85726
15 155 19.9465
13 146 3.68952
